--- 
weight_height_for_age_00000: 
  standard_low_height: 5.98912000656128
  standard_high_weight: 12.3533897399902
  age_in_months: 215
  standard_high_height: 5.98821020126343
  median_weight: 56.6393890380859
  sex: Female
  age_sex: "2151"
  median_height: 163.65934753418
  standard_low_weight: 7.29257011413574
